version:26
1621017
1621040
1621112
1621120
1621142
1621208
1621219
1621252
1621368
1621384
1621613
1621614
1621653
1621656
1621675
1621683
1621684
1621760
1622039
1622046
1622134
1622173
1622269
1622304
1622310
1622408
1622409
1622448
1622451
1622460
1622504
1622512
1622545
1622546
1622579
1622591
1622593
1622603
1622615
1622616
1622627
1622651
1622686
1622687
1622689
1622704
1622717
1622739
1622795
1622803
1622815
1622914
1623009
1623028
1623029
1623074
1623082
1623250
1623251
1623457
1623465
1623469
1623470
1623489
1623601
1623614
1623653
1623664
1623710
1623721
1623726
1623731
1623753
1623796
1623804
1623805
1623863
1623904
1623971
1625054
1625083
1625154
1625163
1625182
1625231
1625253
1625309
1625325
1625337
1625338
1625375
1625387
1625419
1625434
1625439
1625460
1625462
1625464
1625466
1625485
1625489
1625520
1625644
1625747
1625790
1625796
1626010
1626082
1626174
1626182
1626190
1626207
1626241
1626244
1626254
1626263
1626271
1626304
1626306
1626307
1626312
1626320
1626327
1626339
1626348
1626361
1626365
1626394
1626416
1626452
1626494
1626505
1626519
1626526
1626528
1626536
1626560
1626564
1626574
1626580
1626581
1626758
1626788
1626835
1626915
1626930
1626943
1627015
1627043
1627059
1627071
1627115
1627198
1671004
1671008
1671009
1671011
1671012
1671013
1671014
1671015
1671019
1671024
1671033
1671039
1671081
1671082
1671083
1671085
1671086
1671096
1671098
1671106
1671115
1671125
1671151
1671160
1671161
1671189
1671203
1671205
1671210
1671211
1671213
1671214
1671223
1671224
1671225
1671226
1671227
1671231
1671235
1671250
1671251
1671256
1671272
1671275
1671283
1671284
1671285
1671286
1671287
1671289
1671294
1671310
1671311
1671315
1671324
1671330
1671332
1671333
1671341
1671342
1671351
1671359
1671370
1671372
1671373
1671375
1671378
1671393
1671415
1671417
1671421
1671423
1671424
1671425
1671427
1671428
1671443
1671465
1671466
1671470
1671471
1671476
1671493
1671504
1671531
1671532
1671533
1671535
1671536
1671541
1671542
1671543
1671544
1671545
1671546
1671549
1671555
1671571
1671574
1671591
1671592
1671609
1671615
1671617
1671630
1671631
1671633
1671634
1671636
1671637
1671638
1671674
1671675
1671694
1671695
1671696
1671697
1671704
1671708
1671710
1671711
1671728
1671731
1671732
1671752
1671755
1671757
1671761
1671762
1671769
1671770
1671776
1671802
1671810
1671811
1671812
1671825
1671863
1671864
1671865
1671867
1671868
1671869
1671879
1671891
1671892
1671893
1671903
1671931
1671951
1671958
1672010
1672013
1672018
1672019
1672021
1672022
1672023
1672030
1672036
1672037
1672086
1672087
1672089
1672091
1672095
1672102
1672105
1672108
1672113
1672150
1672152
1672153
1672155
1672156
1672157
1672158
1672163
1672171
1672175
1672176
1672177
1672181
1672214
1672243
1672289
1672292
1672298
1672300
1672306
1672312
1672313
1672327
1672342
1672352
1672359
1672410
1672411
1672412
1672413
1672416
1672420
1672422
1672423
1672427
1672429
1672471
1672475
1672516
1672521
1672526
1672532
1672533
1672534
1672535
1672538
1672540
1672541
1672542
1672543
1672546
1672547
1672571
1672573
1672575
1672579
1672580
1672581
1672582
1672633
1672634
1672642
1672647
1672648
1672649
1672665
1672667
1672668
1672669
1672672
1672706
1672709
1672711
1672713
1672717
1672719
1672720
1672721
1672728
1672744
1672753
1672760
1672788
1672842
1672864
1672871
1672900
1672901
1672902
1672908
1672928
1672929
1672931
1672979
1672997
1673000
1673022
1673023
1673027
1673052
1673053
1673054
1673055
1673056
1673058
1673091
1673101
1673103
1673116
1673132
1673196
1673200
1673201
1673209
1673212
1673218
1673219
1673220
1673235
1673236
1673238
1673239
1673241
1673251
1673297
1673311
1673312
1673313
1673387
1673400
1673401
1673402
1673403
1673407
1673408
1673409
1673440
1673441
1673451
1673490
1673491
1673492
1673493
1673494
1673495
1673496
1673497
1673498
1673499
1673503
1673509
1673512
1673531
1673532
1673533
1673536
1673537
1673538
1673543
1673545
1673546
1673580
1673581
1673582
1673587
1673620
1673624
1673632
1673634
1673640
1673680
1673687
1673689
1673690
1673695
1673701
1673703
1673707
1673708
1673709
1673712
1673722
1673731
1673741
1673744
1673748
1673749
1673751
1673757
1673760
1673774
1673776
1673778
1673779
1673780
1673781
1673792
1673801
1673802
1673803
1673804
1673805
1673807
1673820
1673823
1673829
1673846
1673847
1673848
1673849
1673850
1673855
1673857
1673858
1673860
1673864
1673869
1673870
1673871
1673874
1673879
1673881
1673884
1673885
1673900
1673930
1673932
1673936
1673955
1674059
1674196
1674205
1674321
1674384
1674451
1674455
1674500
1674508
1674541
1674572
1674585
1674587
1674593
1674595
1674596
1674638
1674640
1674664
1675001
1675002
1675007
1675008
1675009
1675011
1675014
1675015
1675024
1675042
1675044
1675051
1675059
1675108
1675121
1675127
1675150
1675164
1675194
1675197
1675203
1675220
1675221
1675224
1675237
1675262
1675272
1675273
1675277
1675284
1675285
1675292
1675328
1675339
1675384
1675386
1675387
1675389
1675402
1675404
1675405
1675408
1675429
1675460
1675472
1675484
1675487
1675489
1675490
1675493
1675495
1675498
1676006
1676008
1676012
1676014
1676020
1676022
1676030
1676035
1676053
1676058
1676067
1676113
1676131
1676173
1676201
1676203
1676220
1676221
1676236
1676237
1676241
1676254
1676256
1676262
1676274
1676277
1676280
1676283
1676285
1676287
1676290
1676291
1676292
1676300
1676308
1676322
1676323
1676326
1676327
1676328
1676331
1676332
1676339
1676347
1676360
1676361
1676378
1676390
1676402
1676405
1676408
1676419
1676424
1676448
1676449
1676465
1676491
1676492
1676496
1676800
1676801
1676802
1676803
1676804
1676805
1676806
1676807
1676808
1676809
1676810
1676811
1676812
1676813
1676814
1676815
1676816
1676817
1676818
1676819
1676820
1676821
1676822
1676823
1676824
1676825
1676826
1676827
1676828
1676829
1676830
1676831
1676832
1676833
1676834
1676835
1676836
1676837
1676838
1676839
1676840
1676841
1676842
1676843
1676844
1676845
1676846
1676847
1676848
1676849
1676850
1676851
1676852
1676853
1676854
1676855
1676856
1676857
1676858
1676859
1676860
1676861
1676862
1676863
1676864
1676865
1676866
1676867
1676868
1676869
1676870
1676871
1676872
1676873
1676874
1676875
1676876
1676877
1676878
1676879
1676880
1676881
1676882
1676883
1676884
1676885
1676886
1676887
1676888
1676889
1676890
1676891
1676892
1676893
1676894
1676895
1676896
1676897
1676898
1676899
1676900
1676901
1676902
1676903
1676904
1676905
1676906
1676907
1676908
1676909
1676910
1676911
1676912
1676913
1676914
1676915
1676916
1676917
1676918
1676919
1676920
1676921
1676922
1676923
1676924
1676925
1676926
1676927
1676928
1676929
1676930
1676931
1676932
1676933
1676934
1676935
1676936
1676937
1676938
1676939
1676940
1676941
1676942
1676943
1676944
1676945
1676946
1676947
1676948
1676949
1676950
1676951
1676952
1676953
1676954
1676955
1676956
1676957
1676958
1676959
1676960
1676961
1676962
1676963
1676964
1676965
1676966
1676967
1676968
1676969
1676970
1676971
1676972
1676973
1676974
1676975
1676976
1676977
1676978
1676979
1676980
1676981
1676982
1676983
1676984
1676985
1676986
1676987
1676988
1676989
1676990
1676991
1676992
1676993
1676994
1676995
1676996
1676997
1676998
1676999
1677006
1677012
1677020
1677048
1677064
1677072
1677089
1677090
1677153
1677163
1677174
1677182
1677183
1677187
1677190
1677212
1677215
1677216
1677228
1677249
1677254
1677255
1677256
1677257
1677258
1677259
1677260
1677261
1677273
1677275
1677280
1677293
1677297
1677298
1677300
1677301
1677302
1677303
1677312
1677328
1677330
1677340
1677341
1677342
1677343
1677344
1677345
1677348
1677362
1677364
1677370
1677371
1677377
1677384
1677387
1677401
1677429
1677495
1677496
1677497
1677498
1677499
1677501
1677502
1677519
1677520
1677521
1677523
1677524
1677529
1677545
1677548
1677557
1677571
1677573
1677577
1677588
1677614
1677615
1677616
1677617
1677623
1677624
1677625
1677626
1677627
1677638
1677639
1677641
1677644
1677649
1677654
1677670
1677687
1677693
1677702
1677703
1677704
1677705
1677734
1677735
1677769
1677791
1677816
1677861
1677938
1677963
1677971
1678200
1678201
1678202
1678203
1678204
1678205
1678206
1678207
1678208
1678209
1678210
1678211
1678212
1678213
1678214
1678215
1678216
1678217
1678218
1678219
1678220
1678221
1678222
1678223
1678224
1678225
1678226
1678227
1678228
1678229
1678230
1678231
1678232
1678233
1678234
1678235
1678236
1678237
1678238
1678239
1678240
1678241
1678242
1678243
1678244
1678245
1678246
1678247
1678248
1678249
1678250
1678251
1678252
1678253
1678254
1678255
1678256
1678257
1678258
1678259
1678260
1678261
1678262
1678263
1678264
1678265
1678266
1678267
1678268
1678269
1678270
1678271
1678272
1678273
1678274
1678275
1678276
1678277
1678278
1678279
1678280
1678281
1678282
1678283
1678284
1678285
1678286
1678287
1678288
1678289
1678290
1678291
1678292
1678293
1678294
1678295
1678296
1678297
1678298
1678299
1678600
1678601
1678602
1678603
1678604
1678605
1678606
1678607
1678608
1678609
1678610
1678611
1678612
1678613
1678614
1678615
1678616
1678617
1678618
1678619
1678620
1678621
1678622
1678623
1678624
1678625
1678626
1678627
1678628
1678629
1678630
1678631
1678632
1678633
1678634
1678635
1678636
1678637
1678638
1678639
1678640
1678641
1678642
1678643
1678644
1678645
1678646
1678647
1678648
1678649
1678650
1678651
1678652
1678653
1678654
1678655
1678656
1678657
1678658
1678659
1678660
1678661
1678662
1678663
1678664
1678665
1678666
1678667
1678668
1678669
1678670
1678671
1678672
1678673
1678674
1678675
1678676
1678677
1678678
1678679
1678680
1678681
1678682
1678683
1678684
1678685
1678686
1678687
1678688
1678689
1678690
1678691
1678692
1678693
1678694
1678695
1678696
1678697
1678698
1678699
1678700
1678701
1678702
1678703
1678704
1678705
1678706
1678707
1678708
1678709
1678710
1678711
1678712
1678713
1678714
1678715
1678716
1678717
1678718
1678719
1678720
1678721
1678722
1678723
1678724
1678725
1678726
1678727
1678728
1678729
1678730
1678731
1678732
1678733
1678734
1678735
1678736
1678737
1678738
1678739
1678740
1678741
1678742
1678743
1678744
1678745
1678746
1678747
1678748
1678749
1678750
1678751
1678752
1678753
1678754
1678755
1678756
1678757
1678758
1678759
1678760
1678761
1678762
1678763
1678764
1678765
1678766
1678767
1678768
1678769
1678770
1678771
1678772
1678773
1678774
1678775
1678776
1678777
1678778
1678779
1678780
1678781
1678782
1678783
1678784
1678785
1678786
1678787
1678788
1678789
1678790
1678791
1678792
1678793
1678794
1678795
1678796
1678797
1678798
1678799
1678800
1678801
1678802
1678803
1678804
1678805
1678806
1678807
1678808
1678809
1678810
1678811
1678812
1678813
1678814
1678815
1678816
1678817
1678818
1678819
1678820
1678821
1678822
1678823
1678824
1678825
1678826
1678827
1678828
1678829
1678830
1678831
1678832
1678833
1678834
1678835
1678836
1678837
1678838
1678839
1678840
1678841
1678842
1678843
1678844
1678845
1678846
1678847
1678848
1678849
1678850
1678851
1678852
1678853
1678854
1678855
1678856
1678857
1678858
1678859
1678860
1678861
1678862
1678863
1678864
1678865
1678866
1678867
1678868
1678869
1678870
1678871
1678872
1678873
1678874
1678875
1678876
1678877
1678878
1678879
1678880
1678881
1678882
1678883
1678884
1678885
1678886
1678887
1678888
1678889
1678890
1678891
1678892
1678893
1678894
1678895
1678896
1678897
1678898
1678899
1678900
1678901
1678902
1678903
1678904
1678905
1678906
1678907
1678908
1678909
1678910
1678911
1678912
1678913
1678914
1678915
1678916
1678917
1678918
1678919
1678920
1678921
1678922
1678923
1678924
1678925
1678926
1678927
1678928
1678929
1678930
1678931
1678932
1678933
1678934
1678935
1678936
1678937
1678938
1678939
1678940
1678941
1678942
1678943
1678944
1678945
1678946
1678947
1678948
1678949
1678950
1678951
1678952
1678953
1678954
1678955
1678956
1678957
1678958
1678959
1678960
1678961
1678962
1678963
1678964
1678965
1678966
1678967
1678968
1678969
1678970
1678971
1678972
1678973
1678974
1678975
1678976
1678977
1678978
1678979
1678980
1678981
1678982
1678983
1678984
1678985
1678986
1678987
1678988
1678989
1678990
1678991
1678992
1678993
1678994
1678995
1678996
1678997
1678998
1678999
1679080
1679164
1679186
1679256
1679270
1679274
1679310
1679311
1679334
1679337
1679338
1679343
1679344
1679346
1679361
1679362
1679364
1679393
1679407
1679488
1679490
1679493
1679495
1679519
1679530
1679533
1679534
1679536
1679538
1679543
1679558
1679568
1679573
1679574
1679599
1679608
1679609
1679623
1679633
1679636
1679643
1679659
1679661
1679680
1679695
1679702
1679731
1679735
1679764
1679769
1679782
1679831
1679837
1679838
1679851
1679859
1679894
1679905
1679916
1679926
1679944
1679945
1679946
1679947
1679968
1679969
1679974
1679975
1679980
1679982
1679992
1700010
1700021
1700495
1700496
1700642
1700669
1701005
1701020
1701022
1701028
1701117
1701186
1701196
1701214
1701234
1701236
1701240
1701253
1701275
1701340
1701374
1701410
1701417
1701459
1701504
1701527
1701534
1701570
1701597
1701622
1701637
1701664
1701727
1701730
1701751
1701753
1701774
1701784
1701802
1701823
1701904
1701923
1701984
1702008
1702009
1702017
1702142
1702163
1702306
1702390
1702403
1702415
1702417
1702430
1702443
1702508
1702728
1702743
1702773
1702832
1702849
1702943
1702949
1702952
1702966
1704049
1704052
1704107
1704141
1704145
1704148
1704169
1704173
1704174
1704224
1704316
1704324
1704326
1704331
1704399
1704401
1704407
1704416
1704422
1704424
1704440
1704447
1704528
1704540
1704587
1704598
1704609
1704612
1704650
1704656
1704660
1704668
1704670
1704699
1704704
1704721
1704731
1704751
1704753
1704759
1704764
1704768
1704776
1704780
1704782
1704798
1704807
1704810
1704811
1704824
1704827
1704829
1704830
1704831
1704832
1704838
1704850
1704900
1704903
1704908
1704915
1704922
1704928
1704973
1704989
1707232
1707354
1707494
1707525
1707614
1707626
1707646
1707661
1707714
1707764
1707934
1707942
1708095
1708258
1708446
1708496
1708514
1708534
1708537
1708623
1708639
1708644
1708689
1708779
1708784
1708824
1708874
1708884
1708949
1708979
1709031
1709074
1709124
1709164
1709572
1710021
1710033
1710039
1710045
1710073
1710077
1710111
1710158
1710160
1710161
1710169
1710185
1710193
1710203
1710206
1710207
1710209
1710210
1710211
1710212
1710241
1710246
1710250
1710303
1710318
1710365
1710388
1710396
1710426
1710434
1710452
1710465
1710481
1710494
1710502
1710508
1710515
1710517
1710570
1710587
1710589
1710617
1710624
1710663
1710679
1710683
1710685
1710688
1710691
1710694
1710695
1710697
1710698
1710702
1710717
1710720
1710721
1710724
1710725
1710727
1710744
1710745
1710757
1710758
1710760
1710764
1710768
1710773
1710776
1710780
1710781
1710785
1710812
1710813
1710816
1710832
1710852
1710875
1710914
1710916
1710942
1710946
1711002
1711047
1711080
1711081
1711086
1711096
1711102
1711107
1711108
1711112
1711131
1711133
1711136
1711146
1711165
1711217
1711226
1711237
1711251
1711265
1711266
1711283
1711295
1711296
1711302
1711306
1711316
1711318
1711328
1711329
1711335
1711336
1711347
1711356
1711371
1711410
1711413
1711425
1711430
1711436
1711443
1711446
1711449
1711457
1711465
1711468
1711473
1711485
1711489
1711497
1711501
1711504
1711507
1711508
1711509
1711513
1711517
1711523
1711528
1711535
1711538
1711540
1711548
1711549
1711557
1711562
1711571
1711584
1711586
1711591
1711612
1711613
1711626
1711629
1711636
1711643
1711652
1711660
1711669
1711670
1711678
1711742
1711850
1711853
1711855
1711869
1711880
1711919
1711920
1711921
1711939
1711950
1711953
1711961
1711967
1711971
1711973
1711998
1712003
1712061
1712062
1712067
1712068
1712069
1712076
1712085
1712129
1712136
1712163
1712164
1712179
1712223
1712228
1712236
1712243
1712245
1712249
1712284
1712375
1712376
1712397
1712409
1712416
1712434
1712438
1712500
1712513
1712516
1712530
1712538
1712541
1712551
1712556
1712560
1712565
1712573
1712594
1712603
1712605
1712615
1712621
1712632
1712635
1712638
1712639
1712658
1712661
1712667
1712694
1712731
1712740
1712767
1712776
1712781
1712802
1712809
1712825
1712826
1712837
1712906
1712914
1712959
1712960
1712963
1712968
1712979
1712990
1713004
1713038
1713044
1713046
1713049
1713052
1713056
1713071
1713083
1713084
1713095
1713105
1713111
1713115
1713143
1713145
1713153
1713162
1713187
1713210
1713213
1713219
1713222
1713229
1713230
1713232
1713241
1713279
1713295
1713338
1713379
1713385
1713449
1713464
1713468
1713510
1713524
1713539
1713550
1713561
1713574
1713605
1713612
1713619
1713623
1713637
1713641
1713649
1713659
1713663
1713667
1713674
1713683
1713721
1713737
1713740
1713754
1713762
1713770
1713777
1713783
1713786
1713808
1713814
1713834
1713851
1713865
1713883
1713886
1713887
1713889
1713900
1713906
1713914
1713931
1713940
1713963
1713969
1713976
1713978
1713992
1714003
1714004
1714020
1714022
1714024
1714047
1714055
1714056
1714073
1714076
1714082
1714083
1714084
1714087
1714103
1714105
1714112
1714133
1714139
1714144
1714171
1714192
1714202
1714208
1714245
1714249
1714253
1714259
1714267
1714268
1714270
1714282
1714289
1714298
1714309
1714310
1714311
1714326
1714340
1714341
1714342
1714343
1714359
1714360
1714361
1714364
1714365
1714370
1714374
1714380
1714383
1714385
1714408
1714424
1714430
1714440
1714451
1714506
1714516
1714530
1714534
1714543
1714545
1714546
1714561
1714572
1714573
1714575
1714580
1714585
1714586
1714605
1714637
1714638
1714640
1714644
1714659
1714661
1714673
1714674
1714678
1714683
1714689
1714707
1714714
1714715
1714723
1714729
1714733
1714736
1714746
1714747
1714754
1714755
1714757
1714761
1714769
1714785
1714792
1714812
1714819
1714820
1714846
1714861
1714864
1714907
1714908
1714915
1714935
1714950
1714953
1714957
1714958
1714969
1714978
1714994
1715001
1715002
1715016
1715030
1715031
1715040
1715051
1715058
1715075
1715076
1715078
1715085
1715098
1715104
1715115
1715119
1715148
1715154
1715163
1715197
1715207
1715214
1715215
1715236
1715271
1715277
1715282
1715294
1715318
1715327
1715342
1715353
1715366
1715383
1715389
1715445
1715448
1715463
1715465
1715475
1715482
1715483
1715486
1715488
1715495
1715496
1715501
1715515
1715516
1715529
1715605
1715608
1715626
1715631
1715642
1715646
1715649
1715670
1715682
1715686
1715693
1715703
1715742
1715750
1715752
1715756
1715760
1715784
1715786
1715787
1715792
1715794
1715802
1715810
1715822
1715823
1715826
1715832
1715839
1715851
1715863
1715868
1715880
1715881
1715887
1715889
1715914
1715920
1715921
1715935
1715941
1715963
1715965
1715966
1715986
1715997
1716007
1716012
1716015
1716017
1716037
1716038
1716040
1716070
1716072
1716081
1716083
1716086
1716119
1716131
1716144
1716178
1716232
1716242
1716271
1716286
1716320
1716327
1716525
1716538
1716549
1716573
1716583
1716625
1716627
1716634
1716645
1716649
1716657
1716673
1716682
1716684
1716686
1716687
1716688
1716710
1716718
1716741
1716754
1716778
1716782
1716794
1716799
1716827
1716829
1716830
1716836
1716862
1716865
1716871
1716951
1716960
1716973
1716975
1716991
1716996
1716997
1717023
1717035
1717086
1717088
1717089
1717161
1717162
1717164
1717166
1717168
1717171
1717212
1717215
1717219
1717226
1717237
1717245
1717261
1717280
1717281
1717288
1717311
1717394
1717413
1717458
1717484
1717486
1717512
1717537
1717573
1717609
1717747
1717767
1717772
1717776
1717783
1717785
1717786
1717787
1717795
1717851
1717865
1717871
1717886
1717891
1717893
1717894
1717898
1717931
1717965
1717969
1717971
1717979
1717988
1717989
1717990
1717998
1718010
1718013
1718038
1718042
1718059
1718063
1718154
1718157
1718167
1718274
1718337
1718345
1718346
1718403
1718409
1718462
1718534
1718538
1718571
1718617
1718628
1718638
1718639
1718645
1718676
1718678
1718752
1718767
1718768
1718787
1718811
1718860
1718880
1718990
1718994
1719001
1719008
1719017
1719018
1719019
1719030
1719041
1719044
1719107
1719108
1719109
1719118
1719119
1719120
1719176
1719211
1719217
1719218
1719219
1719340
1719437
1719482
1719485
1719525
1719542
1719586
1719587
1719632
1719643
1719669
1719744
1719754
1719760
1719765
1719767
1719769
1719864
1719866
1719991
1719992
